n = 13;

p = 
	[
		[ 0 1 11 8 6 9 12 0 16 13 17 3 4  ]
		[ 2 3 10 23 5 3 2 3 5 10 13 20 1  ]
		[ 4 1 8 1 5 7 9 16 8 20 17 4 0  ]
		[ 2 3 10 1 14 2 5 4 24 2 10 7 16  ]
		[ 17 5 10 7 6 7 8 8 1 3 17 7 4  ]
		[ 21 3 19 6 15 20 2 1 8 2 0 1 2  ]
		[ 18 4 25 1 4 1 7 13 6 3 2 2 14  ]
		[ 4 6 2 13 9 0 7 1 8 14 16 14 6  ]
		[ 1 10 4 13 5 5 0 7 1 18 11 19 6  ]
		[ 5 7 16 1 4 3 22 11 12 7 2 7 3  ]
		[ 5 10 13 2 15 6 6 2 11 6 9 10 5  ]
		[ 6 2 0 10 13 3 6 7 4 10 1 21 17  ]
		[ 0 2 3 15 2 0 7 27 1 7 24 12 0  ]
	];