n = 15;

p = 
	[
		[ 76 15 4 0 3 1 1 0 0 0 0 0 0 0 0  ]
		[ 30 41 22 6 0 1 0 0 0 0 0 0 0 0 0  ]
		[ 27 3 31 4 1 5 14 15 0 0 0 0 0 0 0  ]
		[ 22 61 15 2 0 0 0 0 0 0 0 0 0 0 0  ]
		[ 68 12 1 0 7 9 1 1 1 0 0 0 0 0 0  ]
		[ 96 0 4 0 0 0 0 0 0 0 0 0 0 0 0  ]
		[ 10 81 8 1 0 0 0 0 0 0 0 0 0 0 0  ]
		[ 60 32 6 1 1 0 0 0 0 0 0 0 0 0 0  ]
		[ 99 0 0 0 1 0 0 0 0 0 0 0 0 0 0  ]
		[ 46 23 6 21 3 0 0 0 1 0 0 0 0 0 0  ]
		[ 81 11 6 0 2 0 0 0 0 0 0 0 0 0 0  ]
		[ 85 13 0 1 1 0 0 0 0 0 0 0 0 0 0  ]
		[ 83 1 0 1 3 1 3 5 2 0 0 1 0 0 0  ]
		[ 96 0 3 1 0 0 0 0 0 0 0 0 0 0 0  ]
		[ 27 22 22 11 1 8 7 1 0 0 1 0 0 0 0  ]
	];