n = 17;

p = 
	[
		[ 94 6 0 0 0 0 0 0 0 0 0 0 0 0 0 0 0  ]
		[ 81 8 5 3 0 2 1 0 0 0 0 0 0 0 0 0 0  ]
		[ 72 26 0 1 1 0 0 0 0 0 0 0 0 0 0 0 0  ]
		[ 85 10 0 5 0 0 0 0 0 0 0 0 0 0 0 0 0  ]
		[ 93 1 3 2 0 0 0 1 0 0 0 0 0 0 0 0 0  ]
		[ 87 6 2 3 2 0 0 0 0 0 0 0 0 0 0 0 0  ]
		[ 96 3 1 0 0 0 0 0 0 0 0 0 0 0 0 0 0  ]
		[ 20 42 5 17 1 15 0 0 0 0 0 0 0 0 0 0 0  ]
		[ 96 0 0 0 3 0 0 0 0 1 0 0 0 0 0 0 0  ]
		[ 53 9 5 21 8 4 0 0 0 0 0 0 0 0 0 0 0  ]
		[ 38 40 0 8 1 7 1 2 2 0 0 0 1 0 0 0 0  ]
		[ 34 16 14 27 8 1 0 0 0 0 0 0 0 0 0 0 0  ]
		[ 52 32 11 2 3 0 0 0 0 0 0 0 0 0 0 0 0  ]
		[ 3 44 47 3 3 0 0 0 0 0 0 0 0 0 0 0 0  ]
		[ 55 43 0 2 0 0 0 0 0 0 0 0 0 0 0 0 0  ]
		[ 73 3 17 3 2 2 0 0 0 0 0 0 0 0 0 0 0  ]
		[ 84 13 2 1 0 0 0 0 0 0 0 0 0 0 0 0 0  ]
	];